26
61  62
77  45  31
72  86  30  36
16  70  05  35  52
29  23  29  81  18  55
86  50  47  98  45  14  46
73  13  07  07  83  84  51  90
06  87  21  15  04  56  19  59  46
88  80  74  19  30  47  29  13  33  59
76  11  97  01  86  55  48  60  42  87  15
46  45  25  35  55  86  77  17  41  18  57  59
90  01  27  03  58  15  04  01  92  46  72  04  86
07  74  79  89  15  25  29  76  62  53  31  93  43  02
86  04  56  13  43  55  75  35  79  15  72  98  86  79  81
38  11  45  99  41  23  82  96  30  14  71  50  52  42  67  24
75  30  99  86  66  94  29  74  30  05  54  42  03  56  99  55  07
28  32  40  77  97  07  38  13  15  45  94  98  46  47  38  74  21  01
93  30  46  87  24  15  27  78  57  80  23  53  92  86  37  42  89  54  49
09  94  35  58  26  25  77  12  22  05  12  41  32  63  49  36  26  61  16  96
49  39  94  11  29  44  21  63  50  56  21  91  68  18  51  24  81  95  45  61  19
59  60  93  86  35  55  20  26  66  18  93  35  16  23  21  78  20  27  36  38  57  61
34  01  82  98  15  71  26  50  84  03  53  45  24  76  17  84  45  09  42  91  74  45  42
68  02  46  77  42  77  09  35  33  38  98  55  53  94  35  74  64  04  21  45  26  78  49  01
51  38  03  03  62  27  13  63  85  83  38  81  08  87  09  28  73  75  72  74  41  04  29  05  75
15  69  18  72  80  78  44  77  29  43  40  88  44  73  98  28  69  23  05  22  56  82  10  91  33  59
21  29  11  66  70  63  80  33  18  37  05  28  37  98  56  17  12  36  67  78  01  25  17  21  16  02  51
40  95  67  71  79  22  87  43  71  27  50  05  98  51  88  90  87  03  72  48  21  62  99  04  52  04  02  62
70  36  35  93  95  71  64  36  66  49  10  96  87  69  51  43  73  63  86  94  36  56  68  64  74  98  19  95  38
26  59  98  94  79  30  83  81  91  18  32  76  25  90  57  55  35  09  59  99  59  29  31  56  94  67  77  43  68  45
43  20  53  22  77  76  67  41  73  11  06  07  52  16  76  47  51  08  23  88  94  78  37  40  89  99  82  12  58  09  92
80  28  23  99  72  60  90  95  66  66  39  53  27  37  63  75  81  86  31  57  66  59  73  22  62  55  02  24  75  76  89  47
42  40  71  71  07  02  35  34  09  72  81  24  62  91  91  81  32  29  76  86  10  36  88  04  16  22  04  81  54  97  83  12  21
34  52  59  52  84  42  53  83  60  80  21  07  51  88  53  90  02  48  43  07  62  95  94  64  41  98  77  66  74  39  73  26  79  82
44  03  31  68  20  42  69  20  75  66  18  10  10  81  85  21  23  15  11  95  49  99  98  25  11  54  02  11  07  92  14  68  56  97  98
30  92  97  40  19  81  21  33  03  02  36  80  73  23  99  05  43  68  20  08  98  57  06  80  91  18  31  83  32  08  40  02  18  91  14  22
44  49  26  86  48  20  71  27  70  05  40  83  48  39  36  91  74  18  77  34  84  74  79  48  37  90  49  10  66  89  58  64  18  98  04  61  39
63  06  29  52  14  62  15  41  38  42  84  63  31  36  36  49  51  42  26  02  10  78  40  50  45  01  49  60  90  81  86  49  66  67  98  86  03  53
45  88  72  83  48  46  36  83  99  85  70  66  05  40  20  76  26  30  26  28  45  01  29  10  15  81  77  70  09  19  87  06  59  80  58  18  23  01  51
57  43  35  30  21  79  13  63  90  05  75  04  27  67  82  62  18  56  71  88  13  91  48  69  30  57  47  68  17  65  90  02  21  70  73  51  05  62  51  49
52  06  86  72  13  30  72  48  31  71  68  48  54  07  77  22  24  91  85  11  86  63  51  91  37  91  56  60  62  14  11  70  96  48  86  10  84  26  29  32  66
55  04  31  28  72  44  52  68  73  15  93  67  36  62  57  32  64  13  55  05  47  90  79  57  09  11  77  53  33  16  62  18  95  18  49  98  02  46  12  94  95  92
96  96  88  98  15  45  58  31  80  25  89  82  50  70  71  73  44  34  23  52  65  85  68  92  05  34  14  41  23  18  14  74  99  02  37  17  79  45  13  20  38  67  63
35  37  31  41  60  90  99  88  25  24  60  48  26  49  35  18  46  57  89  67  62  20  12  58  91  94  47  07  54  85  15  20  09  72  44  10  26  52  86  27  43  31  10  08
93  85  24  75  25  17  68  11  81  80  23  15  04  30  16  97  94  05  01  56  66  60  40  57  81  62  19  38  92  43  19  33  94  90  78  25  92  46  73  37  53  02  85  50  67
67  68  04  12  76  63  41  72  37  87  17  43  48  40  71  67  69  55  46  08  54  25  31  38  41  16  11  43  09  24  75  41  74  43  23  29  79  25  46  39  69  50  16  27  98  25
83  06  99  60  64  96  70  67  02  42  42  89  77  79  29  12  55  66  01  04  15  50  78  21  35  98  41  87  56  91  20  22  54  92  60  68  09  32  97  89  33  02  54  59  21  11  72
14  03  22  36  57  01  81  32  43  34  38  76  37  94  53  28  56  74  34  25  15  12  82  04  96  04  64  82  44  51  48  83  42  84  80  32  54  30  34  97  72  71  47  97  63  53  05  71
75  56  15  67  88  92  23  02  01  42  71  48  88  99  21  23  96  43  48  15  74  84  48  25  98  79  21  96  65  45  93  36  37  47  28  28  88  45  87  83  01  01  48  74  81  30  89  93  58
86  11  94  49  32  22  50  35  50  35  47  89  51  26  26  53  93  56  71  16  36  75  60  19  70  72  77  76  33  65  40  85  38  01  78  43  25  91  57  45  83  76  63  04  97  89  75  85  55  33
43  47  91  25  56  35  09  11  18  57  22  82  04  89  81  86  90  25  48  46  19  64  41  33  71  31  42  33  33  46  50  13  83  32  38  39  46  58  85  28  56  17  20  04  83  49  59  49  60  16  25
30  03  41  21  34  55  85  89  84  19  40  74  40  47  98  74  17  54  20  77  73  17  07  19  32  57  92  33  27  97  63  37  78  07  69  97  23  53  82  20  80  56  77  61  95  13  88  80  31  98  90  95
94  94  98  69  17  20  32  69  66  63  96  59  70  81  20  42  72  93  89  66  01  02  94  89  05  38  74  38  56  72  91  04  31  56  17  28  89  18  27  09  66  63  79  87  85  80  03  79  59  84  87  96  94
86  50  98  35  93  07  31  03  80  17  55  23  24  81  19  29  09  81  48  30  91  86  30  36  14  70  49  52  49  50  39  74  62  05  22  59  11  11  51  90  90  48  89  22  26  71  86  74  40  17  10  31  16  09
83  92  08  50  97  84  25  01  23  37  30  12  28  66  09  83  75  59  91  73  02  27  44  22  51  39  45  59  53  37  75  89  12  37  88  49  08  41  89  22  88  31  36  53  74  95  28  19  68  60  43  72  75  55  40
87  59  42  08  53  13  97  74  86  31  03  20  42  45  55  59  83  09  92  42  72  85  82  20  60  90  83  11  88  93  38  50  87  49  40  40  70  69  59  31  68  35  78  27  89  83  75  30  04  84  04  08  34  63  06  88
89  47  77  14  11  86  35  23  56  24  55  40  29  77  95  71  45  93  31  60  37  69  74  54  05  66  66  31  37  96  89  93  66  95  73  39  32  66  93  72  60  90  31  14  45  03  54  92  88  07  07  49  16  15  68  37  74
27  21  63  40  38  22  40  83  24  36  48  20  91  48  85  45  91  99  01  88  10  68  23  24  20  25  09  90  80  15  61  01  29  68  66  17  46  44  68  84  84  16  31  51  57  91  61  40  90  58  76  14  80  65  99  22  38  71
53  19  48  23  84  87  89  49  28  67  73  55  04  58  12  95  90  03  36  13  54  40  20  40  75  77  07  58  47  72  60  99  97  68  25  92  89  98  56  21  82  28  24  37  64  57  30  79  68  03  19  11  15  56  99  65  84  38  93
71  48  15  93  23  54  04  25  57  25  52  31  47  92  60  52  38  28  41  73  86  64  39  65  59  24  95  01  32  57  25  29  86  38  88  62  35  02  59  02  56  89  77  15  89  23  92  31  44  45  75  49  22  85  69  39  06  16  27  34
22  73  84  27  36  14  97  06  27  04  65  48  17  15  24  22  24  63  54  09  97  23  65  11  94  60  59  93  13  07  14  15  66  89  47  30  75  59  47  30  15  88  16  15  17  16  73  56  33  81  35  93  72  80  88  77  97  03  01  51  74
11  74  05  85  08  09  01  23  94  83  90  75  15  08  70  25  48  34  99  72  75  61  44  66  52  48  28  52  38  07  74  83  05  55  54  66  34  44  09  40  11  32  76  52  90  69  15  18  76  06  02  32  49  40  77  22  58  23  02  89  66  44
23  85  40  86  67  78  57  87  82  55  55  67  98  77  83  74  54  41  46  05  32  56  90  35  53  94  63  13  54  29  89  85  48  98  47  06  96  60  64  67  88  52  36  66  79  90  29  30  05  85  10  60  89  41  06  86  46  62  09  89  53  81  15
09  48  07  93  94  80  89  04  64  26  88  82  33  73  75  28  55  93  73  20  54  43  59  48  20  96  35  73  75  10  60  57  06  05  53  71  10  92  45  63  44  14  66  48  82  71  05  96  82  43  50  67  83  17  68  91  95  02  69  73  62  52  10  17
85  92  83  99  63  46  19  99  28  46  05  65  72  78  27  58  73  48  45  46  15  06  96  82  34  76  47  78  66  53  02  52  49  63  79  64  65  50  17  81  90  03  32  13  13  09  08  26  01  87  60  55  42  63  14  26  26  92  48  42  96  03  25  23  97
13  62  88  51  83  26  21  95  71  42  46  53  12  87  37  21  80  71  18  08  04  50  14  63  98  07  44  97  72  42  56  79  72  93  95  04  77  81  33  37  26  49  95  90  41  70  43  10  04  10  51  18  46  76  11  49  28  99  63  87  92  56  50  99  19  53
46  14  59  90  09  82  27  09  61  94  05  07  85  38  93  68  24  35  48  82  98  43  99  94  46  24  12  41  67  17  18  58  47  22  64  11  59  63  26  42  99  52  71  69  02  36  74  33  03  81  38  64  27  36  17  48  46  70  33  83  82  81  20  69  14  86  09
43  51  31  07  28  40  09  89  28  42  32  72  83  43  97  61  22  66  74  20  81  83  36  60  80  93  88  25  04  45  30  27  96  16  46  46  94  88  66  48  20  41  73  25  23  52  37  12  54  90  26  67  17  32  53  26  46  99  71  47  14  46  57  48  65  74  39  25
83  45  76  92  14  37  44  64  06  43  04  32  30  15  74  83  87  09  42  18  26  53  18  84  09  92  50  50  07  16  82  46  82  15  04  39  28  25  79  13  68  65  18  28  10  43  92  69  82  67  04  69  80  21  22  28  42  29  33  10  74  63  41  96  18  85  26  83  92
36  79  29  18  09  69  63  11  30  05  66  97  78  61  71  39  38  69  06  14  75  02  96  87  80  07  33  25  69  01  48  62  88  10  62  40  30  19  14  23  01  57  78  25  41  77  42  51  29  79  37  39  29  75  60  14  69  59  58  81  60  19  69  36  19  11  96  44  80  45
40  03  19  36  86  98  53  26  54  59  12  14  30  71  99  43  97  97  62  48  24  94  24  25  24  50  67  56  73  64  55  13  53  60  97  69  02  45  58  85  90  39  02  31  33  09  42  77  26  94  84  30  26  35  49  98  93  23  49  12  24  09  36  93  70  40  10  21  66  53  70
48  72  12  67  51  58  74  47  56  07  30  64  01  90  87  46  68  81  52  28  89  32  14  09  96  38  25  53  79  71  85  35  91  09  42  56  96  21  53  32  35  23  10  06  70  06  20  05  27  33  29  57  55  40  55  84  63  98  73  48  95  48  57  42  01  60  41  50  07  54  76  36
92  49  70  45  97  74  96  30  68  70  54  87  37  85  88  03  34  61  15  06  50  85  58  14  47  62  18  80  94  53  10  55  31  31  50  21  31  21  29  57  21  64  47  51  44  17  49  25  71  57  92  76  82  23  60  81  54  14  78  08  32  94  86  93  83  89  23  29  03  05  13  37  06
92  84  34  77  08  99  71  39  40  92  34  38  14  11  37  61  04  08  14  98  47  62  05  30  08  16  27  67  37  91  38  01  65  28  30  88  40  11  83  91  47  69  73  75  09  11  43  87  45  86  02  12  22  75  33  90  83  20  27  08  54  37  64  38  77  13  27  20  91  54  33  31  17  39
30  32  22  30  79  63  53  08  08  15  69  04  45  02  55  52  41  97  25  06  86  20  49  78  06  91  24  16  58  79  98  69  55  01  76  29  21  36  32  02  81  98  56  17  59  69  78  09  79  58  29  73  26  92  09  19  27  48  61  63  40  25  73  79  71  75  62  99  69  61  43  22  37  72  33
67  30  48  44  79  66  02  08  60  33  65  19  64  01  23  70  46  35  42  86  38  69  82  40  24  46  69  80  84  35  33  34  41  86  32  90  25  03  13  91  56  72  75  08  94  55  76  37  12  04  82  05  92  07  17  60  84  67  36  16  54  50  24  75  09  02  80  84  99  92  02  05  73  84  64  15
49  04  22  60  65  92  42  94  97  06  83  45  94  79  51  63  05  39  25  29  37  20  43  88  98  79  73  73  34  11  58  32  25  18  21  92  21  50  29  96  53  28  42  30  92  67  46  41  30  70  24  35  40  67  25  89  66  93  60  88  98  04  08  65  35  21  49  54  90  46  48  29  45  13  40  55  46
02  50  12  52  66  03  40  67  46  81  63  17  77  84  67  63  34  82  96  19  66  62  23  76  43  02  19  51  17  13  96  35  71  41  01  25  12  36  55  02  38  35  16  38  36  23  62  12  02  10  12  81  23  45  52  70  52  08  85  93  55  22  13  33  81  11  93  50  49  73  19  26  75  86  43  05  63  24
78  51  36  95  49  70  34  55  67  49  25  47  16  48  51  56  88  43  75  75  59  02  16  21  15  93  27  36  07  34  59  07  14  41  85  03  79  89  59  34  91  68  98  82  39  09  06  78  45  95  20  59  12  58  32  05  98  92  89  11  42  66  17  24  50  76  73  15  34  96  69  01  02  01  54  81  50  27  72
79  45  07  47  78  88  88  37  11  89  23  88  75  62  95  41  90  30  59  49  60  69  22  84  93  32  28  29  38  86  79  39  23  45  53  06  57  82  65  90  26  94  89  05  16  63  63  52  78  98  95  20  85  81  22  74  50  26  85  71  93  26  45  16  84  77  69  95  64  33  42  26  40  46  58  85  80  55  51  28
05  36  33  87  87  40  77  86  85  06  69  38  38  83  52  62  01  51  31  97  82  87  86  70  55  86  12  75  63  42  05  38  81  10  91  18  22  72  42  84  12  79  74  35  06  32  82  70  35  95  35  79  62  40  91  05  91  44  95  86  69  34  59  43  84  16  36  11  29  62  50  30  13  88  75  69  62  63  31  44  12
06  54  84  86  81  62  47  15  31  38  22  85  35  87  63  18  99  14  40  56  42  46  72  30  59  18  78  16  96  81  14  64  77  47  20  59  84  05  65  15  98  79  69  04  36  42  15  10  10  66  30  36  16  91  13  22  07  54  94  31  88  82  78  52  24  13  21  48  83  17  72  51  07  32  53  47  46  02  69  18  87  16
61  98  61  82  30  58  44  30  38  46  47  82  34  22  57  24  24  88  80  11  21  15  63  30  56  96  30  70  62  45  53  43  31  46  50  78  70  77  04  60  98  83  61  19  48  46  89  14  37  37  20  16  92  07  92  18  26  93  13  22  90  97  40  94  78  49  65  30  54  20  78  78  13  30  52  55  14  38  59  21  13  99  23
27  80  33  97  58  52  79  58  17  24  96  55  77  59  92  04  33  51  72  63  16  37  53  46  31  21  51  31  10  38  90  54  62  62  54  43  89  73  36  77  36  86  58  95  73  44  37  34  18  36  91  87  23  44  91  18  19  51  34  78  15  19  86  81  83  09  27  24  69  10  57  79  15  91  82  87  61  09  28  91  36  31  72  65
82  49  96  26  34  32  59  08  98  65  56  92  89  07  87  89  45  40  65  38  20  79  47  85  23  04  41  27  21  68  77  39  01  87  06  23  22  87  05  08  49  80  88  80  89  76  23  49  39  57  82  99  31  66  37  67  76  39  96  97  19  10  39  02  01  91  50  94  42  06  17  35  31  13  97  80  48  38  16  94  88  50  24  95  96
29  65  30  18  70  16  22  15  57  92  73  89  44  78  19  44  49  52  72  56  75  06  84  67  76  87  32  40  31  62  81  51  93  81  40  71  09  85  55  11  61  48  69  13  28  83  68  42  53  94  96  45  46  55  41  66  67  09  91  99  46  68  39  68  91  45  32  16  64  64  03  56  82  48  77  58  23  89  66  63  08  53  14  72  96  30
63  91  70  88  69  23  36  57  54  28  68  88  65  77  40  35  63  03  81  19  82  57  36  75  47  46  02  77  66  36  37  20  97  59  87  02  67  55  25  91  05  67  35  14  62  21  60  08  66  66  13  99  27  73  29  52  65  96  52  67  12  96  94  36  72  44  85  81  85  67  28  32  77  54  98  40  36  73  99  63  42  81  70  21  76  15  39
11  30  70  75  51  73  30  56  77  40  61  06  37  78  88  63  38  97  47  22  03  15  72  93  83  74  63  29  20  23  36  67  23  33  54  65  26  97  27  55  43  79  92  58  10  52  02  96  09  69  20  31  20  14  15  62  57  41  41  15  45  61  71  30  07  58  03  87  26  30  76  60  30  13  84  30  14  28  36  32  81  03  28  64  42  04  78  29
10  43  98  14  50  50  49  44  19  39  76  29  39  48  98  78  82  88  61  48  40  16  26  07  35  81  94  71  20  31  99  46  35  94  75  38  67  93  82  49  33  04  02  48  30  74  58  43  77  74  38  80  07  45  29  44  46  35  11  53  94  50  32  71  01  16  69  77  46  36  21  08  69  47  69  96  38  57  65  55  77  83  15  70  90  82  12  75  02
61  55  10  13  05  27  52  59  07  04  16  47  34  71  95  71  78  85  84  80  79  15  21  74  97  64  40  32  97  84  03  85  49  78  73  51  52  39  37  14  26  19  80  86  95  83  87  40  23  21  53  60  11  80  79  84  38  03  89  52  66  20  51  90  92  47  89  24  56  12  51  51  83  49  66  53  99  18  73  60  23  16  63  45  21  19  47  19  01  62
59  18  44  51  49  22  74  03  82  73  97  13  79  28  35  95  07  11  74  98  25  42  51  09  24  34  23  66  99  13  99  29  53  37  20  62  30  81  96  50  53  80  62  45  38  42  03  16  87  97  51  31  85  68  49  52  29  02  10  01  81  34  51  20  28  90  68  47  46  72  91  37  58  73  93  90  73  82  28  11  74  75  68  39  63  24  96  64  44  39  77
76  40  04  24  51  38  49  92  53  27  57  20  55  79  82  57  91  94  75  12  64  29  24  40  43  62  65  13  59  32  60  46  54  74  68  12  65  64  79  75  43  97  67  50  34  94  39  91  14  84  32  22  88  31  43  77  94  30  56  24  71  84  39  72  29  63  12  01  55  01  70  88  12  82  37  01  83  90  98  96  55  83  25  91  08  64  92  41  77  19  24  52
02  85  19  21  10  71  49  78  18  26  75  64  33  29  74  66  65  82  42  24  68  56  59  20  34  95  70  51  33  07  58  58  89  52  04  83  29  92  12  20  61  28  60  02  91  38  52  69  37  34  82  38  85  12  75  69  44  96  31  57  23  71  40  18  90  55  64  23  97  63  14  84  10  15  97  23  25  77  68  96  44  06  78  42  97  83  45  81  59  73  73  83  55
40  64  67  40  89  75  59  50  19  55  35  06  13  37  54  09  13  43  18  41  68  01  39  11  83  49  22  46  68  93  62  40  11  23  58  68  18  90  42  52  50  71  77  51  50  75  71  63  30  78  76  81  98  10  29  32  31  37  06  20  57  26  64  67  79  76  24  89  47  71  40  08  22  95  80  48  57  62  37  05  66  19  20  45  64  59  09  74  43  81  15  82  92  09
96  58  34  96  48  43  77  01  93  38  62  13  93  89  07  56  72  28  47  61  60  68  39  58  52  29  48  74  03  57  32  93  23  58  38  23  81  51  70  42  39  89  27  56  51  60  26  75  03  25  23  25  20  93  94  64  38  66  98  38  65  60  90  31  69  68  84  43  53  95  09  41  56  32  10  01  19  71  98  35  74  48  29  02  09  49  26  28  72  86  99  99  40  04  82
91  07  25  86  13  25  11  38  15  04  10  10  90  08  28  08  53  16  88  40  03  84  29  85  44  59  73  75  78  35  75  71  91  78  50  15  22  64  83  85  42  24  30  88  56  96  40  90  99  62  76  02  94  90  65  32  77  37  02  82  79  45  79  68  16  45  16  21  51  89  89  12  85  86  75  67  29  82  28  62  32  59  15  20  78  54  57  82  53  51  71  01  97  63  16  45
89  17  69  74  27  05  47  69  01  63  81  65  01  70  52  40  59  89  88  55  16  63  41  62  50  88  83  96  51  29  48  53  76  11  69  58  32  01  23  42  11  02  19  30  20  74  19  58  50  24  72  65  87  50  30  78  18  47  61  69  21  99  13  95  20  98  55  42  25  90  09  25  15  62  33  72  86  73  21  70  71  30  06  54  07  05  90  04  07  88  64  25  33  29  40  58  83
15  97  95  64  31  96  55  09  83  16  34  69  14  83  28  22  62  11  40  46  96  49  22  03  47  50  11  01  26  53  53  39  03  68  40  40  88  79  05  43  94  20  42  99  48  82  97  13  94  50  85  87  40  90  03  64  68  50  27  02  88  21  41  61  31  64  22  85  09  74  15  08  79  91  72  42  29  57  39  30  44  31  49  66  94  35  06  13  44  31  06  11  12  26  74  21  39  54
68  61  83  29  80  52  91  52  12  18  65  97  13  12  57  70  30  73  44  09  72  01  24  45  02  33  99  48  44  14  59  82  25  91  33  18  40  34  55  13  65  48  36  64  76  53  26  17  90  44  63  70  84  21  35  92  46  17  57  58  46  29  77  58  34  94  10  13  78  29  54  86  93  79  42  41  68  15  99  86  52  14  69  58  91  73  60  21  28  72  83  62  33  11  70  70  39  89  06
35  16  55  21  55  90  90  11  57  72  57  33  79  10  48  72  01  85  73  47  66  88  82  28  02  54  67  08  61  31  18  95  08  71  51  13  79  28  59  58  86  34  23  44  41  28  11  52  21  31  80  56  82  59  65  92  68  84  94  82  92  06  60  52  06  63  14  80  61  50  02  40  88  81  03  26  77  39  64  30  54  77  82  10  24  72  25  50  96  94  02  12  98  97  34  22  64  96  01  78
54  90  59  71  89  96  25  19  45  13  57  57  68  69  53  67  76  11  47  78  60  08  02  91  01  98  39  05  20  53  42  77  21  40  79  70  86  58  79  93  01  05  31  97  09  53  84  31  10  32  13  77  86  76  01  63  90  76  77  41  17  17  49  91  71  92  98  31  05  49  59  57  56  62  37  38  27  26  99  32  69  59  67  47  92  53  28  48  65  41  22  99  13  31  36  35  28  63  83  61  20
50  28  57  97  95  05  04  98  76  86  17  93  29  50  83  57  34  88  46  31  10  56  74  04  31  41  81  45  21  49  18  21  79  57  71  39  95  97  88  32  86  18  71  51  62  10  18  96  79  80  96  18  97  19  51  19  51  41  69  32  63  57  52  31  34  77  91  10  87  25  80  22  98  46  62  73  65  74  62  82  12  39  47  03  08  22  07  60  42  26  48  36  83  98  73  50  74  50  08  72  50  86
96  44  10  11  15  70  38  01  37  68  88  99  90  66  62  54  41  56  31  90  36  69  98  69  92  16  49  84  39  38  32  68  27  05  35  34  10  34  91  46  06  44  33  02  15  27  78  03  21  85  02  57  91  90  86  30  06  08  78  27  94  22  08  57  31  49  24  25  65  10  65  50  07  89  93  92  15  41  97  31  07  01  95  01  28  46  01  01  82  42  71  13  91  24  90  42  26  13  30  03  32  20  31
89  89  32  05  05  01  63  01  07  44  38  47  35  84  38  21  99  59  75  04  12  90  45  99  60  23  79  86  90  17  37  14  09  79  41  22  22  49  31  97  57  11  66  58  35  56  64  36  69  92  01  80  20  85  46  43  86  06  18  71  86  81  64  35  74  10  51  78  44  83  96  42  11  43  88  37  37  95  81  17  72  81  41  22  01  05  90  16  53  45  76  57  42  73  37  86  31  07  13  98  13  67  91  19
17  41  85  30  46  71  67  48  15  78  17  69  42  42  83  10  75  61  66  76  52  18  77  83  82  46  57  47  60  85  64  08  27  94  30  08  31  10  46  54  46  61  91  70  97  47  18  39  14  76  91  77  03  52  82  34  90  08  43  48  09  92  27  04  51  87  99  85  82  30  18  40  61  33  70  07  36  73  82  91  30  79  05  40  92  15  75  68  37  41  85  47  99  16  08  84  65  08  37  55  51  10  25  56  11
27  58  05  90  97  51  99  82  13  81  81  48  79  29  27  42  57  56  42  31  59  68  64  88  87  43  33  09  36  44  38  27  74  92  51  46  26  24  69  11  43  47  52  77  64  94  37  81  50  72  72  20  85  81  98  79  11  44  21  86  44  87  12  63  25  68  43  06  62  96  70  71  39  25  91  27  09  78  01  16  33  60  97  67  43  19  09  48  66  37  35  05  22  84  60  87  10  99  81  86  03  36  84  94  37  61
85  51  13  14  55  55  01  78  50  77  66  18  63  32  75  06  23  48  61  19  03  56  18  93  60  41  30  92  05  10  87  35  81  27  87  03  64  36  78  88  84  63  95  97  24  44  57  82  99  08  89  72  41  78  07  63  96  12  95  86  34  28  58  15  46  82  47  89  80  13  25  71  72  02  61  21  16  64  74  38  42  45  08  62  90  36  81  95  05  48  14  28  33  30  87  71  92  60  03  06  75  86  83  59  79  12  70
76  93  08  65  37  26  70  30  03  95  50  22  37  14  95  95  90  42  83  68  62  98  30  50  94  35  93  56  71  46  50  38  80  82  68  32  70  41  84  72  24  41  37  62  05  08  70  56  23  58  63  36  45  06  10  96  46  04  59  03  74  05  92  77  91  96  40  71  21  08  43  81  39  23  99  41  32  01  80  09  87  06  51  99  17  83  02  63  46  21  68  14  63  21  02  51  95  57  83  42  35  33  55  17  13  35  69  05
45  57  07  53  47  79  21  48  54  30  70  96  45  02  19  02  29  85  63  91  52  20  69  34  30  89  61  98  70  21  46  82  67  21  40  44  69  07  37  36  47  88  09  98  57  86  41  37  70  65  42  72  53  74  64  01  71  45  83  13  52  55  21  84  07  30  06  47  20  22  93  32  46  09  99  89  01  35  28  41  50  53  43  18  74  48  75  78  62  90  93  87  79  01  38  44  97  94  45  30  85  13  36  83  69  44  72  98  32
50  96  98  40  95  54  65  46  22  38  40  60  05  53  99  87  09  27  37  64  63  18  27  70  89  91  85  35  27  47  26  85  73  54  32  69  93  87  81  10  01  86  26  54  50  96  03  67  02  37  42  43  24  47  23  55  16  64  67  92  64  97  25  29  05  08  89  12  59  98  07  81  79  25  86  36  09  35  03  50  76  73  98  67  48  88  26  48  11  57  76  34  87  13  91  58  37  46  73  33  16  57  87  93  89  27  16  75  83  69
52  21  82  98  73  28  77  68  94  50  24  38  45  30  96  20  78  29  22  04  19  42  30  30  17  58  55  15  02  79  95  55  66  93  30  09  96  76  78  01  09  68  90  08  81  72  52  95  95  73  26  35  69  75  51  36  18  95  92  69  14  49  25  23  68  68  82  04  30  46  17  28  96  48  08  34  13  92  25  48  82  19  73  04  35  32  20  08  49  79  27  18  61  57  35  65  37  20  05  06  20  30  89  41  46  93  21  62  55  18  88
78  80  06  31  15  58  84  70  66  89  14  40  73  33  30  37  93  25  84  58  31  23  12  66  78  75  79  16  20  23  42  98  17  66  24  78  81  24  38  14  85  34  49  52  08  99  26  06  45  44  58  22  65  64  55  23  10  43  50  35  77  35  40  13  58  95  37  39  64  86  44  28  65  40  46  03  35  86  93  69  58  29  27  59  99  31  07  54  19  02  84  76  47  54  21  17  35  46  12  43  59  87  06  29  22  59  78  63  66  14  32  50
79  90  51  58  19  82  68  23  98  97  57  31  56  25  31  14  08  62  60  16  45  46  85  75  89  38  27  21  51  11  99  45  86  79  88  44  63  97  72  97  95  17  77  38  78  60  46  78  66  25  59  72  76  56  94  26  11  70  87  61  64  50  94  66  50  88  39  94  36  34  37  10  93  02  02  61  33  20  07  50  85  49  47  61  77  97  20  86  53  72  47  21  47  99  86  04  42  31  82  22  69  33  62  93  21  68  25  47  16  98  09  08  73
93  26  10  09  64  85  26  18  60  83  15  52  76  94  83  96  53  85  56  30  80  47  02  24  09  91  20  03  97  44  67  81  70  69  66  56  26  42  24  27  32  43  63  67  75  97  02  98  98  93  64  20  53  74  13  50  09  82  78  38  42  37  94  76  50  25  48  01  20  10  87  98  43  29  70  18  87  01  82  98  95  41  32  28  02  24  24  61  12  29  88  10  17  83  15  39  97  62  13  79  80  80  64  04  96  48  61  32  55  09  65  75  48  65
84  36  76  86  68  54  31  92  37  43  67  65  92  43  05  75  14  33  27  67  71  94  61  67  57  06  47  73  27  83  67  93  93  78  84  57  29  10  23  58  08  94  08  17  99  24  30  53  06  60  27  18  91  83  63  10  72  12  26  14  72  90  80  50  19  65  78  66  26  79  64  71  81  27  12  20  38  13  60  86  95  87  91  41  41  54  17  97  88  67  80  20  66  72  32  83  01  64  48  59  86  59  37  52  82  42  16  83  01  79  29  76  23  11  90
47  10  20  65  04  50  38  09  23  17  94  94  76  92  15  66  24  80  87  39  49  84  81  76  64  62  54  64  67  58  26  95  76  99  42  39  05  82  09  48  33  52  28  24  64  14  33  42  53  97  57  48  54  53  96  62  44  30  13  43  80  17  06  80  03  09  23  19  42  62  93  36  86  31  65  30  73  88  36  91  64  81  07  42  06  39  89  25  18  83  75  34  69  63  59  17  01  47  89  59  91  75  94  31  58  41  64  52  82  27  74  82  04  87  91  07
39  45  49  30  28  30  46  72  88  02  94  73  49  64  61  78  65  51  23  74  93  64  77  42  03  16  20  09  88  97  63  42  48  46  95  03  62  29  93  12  65  17  68  23  27  82  07  34  99  85  96  64  10  02  52  41  48  42  49  71  58  23  39  45  14  30  58  33  29  69  10  22  68  07  62  20  49  66  50  87  97  05  67  60  79  47  56  52  66  04  86  42  09  85  99  52  92  08  37  29  13  59  43  03  08  40  25  91  04  72  84  20  83  87  02  36  34
76  71  49  88  51  29  30  38  99  81  56  36  19  33  30  01  12  80  05  95  37  04  53  84  62  41  42  55  21  06  69  42  69  53  36  24  88  33  68  38  33  98  17  71  96  40  52  89  64  87  29  58  20  29  32  41  07  92  23  50  66  52  62  78  64  49  06  49  96  08  57  53  03  67  94  24  90  22  65  77  27  93  47  62  53  06  07  80  88  35  31  78  59  27  56  84  18  60  93  38  21  34  98  27  31  45  82  05  63  43  19  24  74  24  86  60  28  55
51  96  80  15  55  42  22  68  67  10  35  69  45  44  91  50  38  18  52  58  43  39  25  75  83  75  09  56  97  04  36  71  73  12  92  03  57  43  90  72  70  40  76  31  21  30  97  02  62  22  75  97  86  52  02  38  82  42  28  17  18  33  22  60  07  70  68  50  11  35  67  60  93  69  82  45  32  08  20  77  70  09  91  31  41  55  36  53  49  24  86  20  57  65  89  82  54  83  11  76  96  49  08  63  97  20  64  19  57  60  99  86  84  49  60  33  12  78  78
32  16  21  21  79  90  30  56  52  20  35  31  27  48  19  89  21  97  31  11  78  01  41  48  05  79  49  93  11  72  99  09  24  60  94  63  21  46  61  20  15  57  80  57  68  71  85  95  27  24  67  21  30  05  38  45  16  64  28  07  34  77  41  26  04  88  82  58  32  93  57  18  70  70  68  54  30  93  39  71  24  30  24  47  05  07  87  97  58  11  16  08  89  13  99  74  83  64  88  20  61  12  91  97  94  58  12  17  07  61  87  18  25  84  83  31  10  38  61  33
65  91  14  81  52  38  88  72  57  11  28  12  34  48  69  60  01  57  45  42  30  64  39  95  73  19  02  13  66  17  11  80  48  23  05  95  05  64  80  97  59  88  72  44  91  09  18  88  61  17  78  42  01  07  63  30  61  89  69  86  41  58  18  02  03  41  85  50  58  48  53  55  62  60  78  15  57  13  30  14  81  09  41  23  39  25  25  53  11  19  17  37  61  20  50  63  25  35  43  54  49  54  15  99  06  40  29  59  29  95  75  78  29  83  04  12  46  81  64  31  28
39  65  80  93  49  28  95  92  04  99  42  97  78  85  02  81  23  99  11  56  34  03  76  96  64  19  67  07  87  28  49  18  22  86  32  79  35  25  90  59  69  08  11  88  77  66  29  68  58  45  52  95  48  61  72  30  26  34  74  74  68  03  64  90  69  16  68  70  77  23  13  81  20  64  08  13  96  24  92  55  94  41  44  64  90  30  29  94  89  32  51  41  84  60  69  79  09  23  92  85  71  64  58  72  02  16  94  65  94  19  59  08  32  45  74  13  19  08  70  80  96  35
79  80  11  24  45  30  83  15  65  01  15  28  43  82  06  89  47  48  44  77  87  22  40  67  96  58  66  69  13  24  59  54  51  93  02  80  81  95  66  76  92  15  04  02  50  61  72  97  82  59  21  62  64  63  43  69  93  21  35  69  05  23  09  65  44  20  42  65  53  01  35  30  16  98  48  78  58  33  40  60  30  09  93  49  52  66  70  63  62  44  94  78  29  52  59  24  93  78  44  89  16  73  25  95  62  45  69  99  58  38  44  07  89  48  27  06  63  77  86  38  43  20  44
93  34  86  80  13  80  16  65  75  44  88  48  42  56  75  01  91  38  11  62  71  97  26  97  28  95  35  07  72  02  83  46  48  28  87  61  84  66  81  69  54  87  15  21  74  68  98  85  65  78  52  14  52  80  56  27  98  25  38  78  02  88  53  90  10  61  18  26  35  51  94  42  62  93  03  68  40  08  91  70  92  70  74  36  37  62  19  43  20  80  65  93  24  14  97  11  46  12  79  89  55  59  36  49  24  92  12  93  46  72  69  04  64  54  14  89  82  88  69  05  49  70  84  44
15  80  83  47  25  20  74  61  13  54  24  59  30  42  51  77  59  06  46  14  93  94  09  84  25  06  51  59  43  41  56  70  37  20  75  97  55  37  68  43  76  71  40  30  05  39  98  33  88  12  05  88  90  89  08  88  60  58  69  72  33  37  39  85  82  28  24  58  08  62  87  89  32  58  77  67  07  11  96  99  46  38  09  56  72  51  26  65  27  68  01  76  24  18  46  57  94  46  84  92  90  32  80  76  35  44  72  10  74  77  52  07  26  56  62  05  89  88  60  69  94  29  10  37  79
46  13  29  15  97  91  78  07  69  18  64  68  36  40  81  59  62  63  28  48  16  61  27  90  38  92  10  55  53  21  81  27  02  17  31  30  27  92  96  99  46  11  59  98  32  23  49  55  71  18  05  16  61  12  12  07  13  79  34  72  90  81  26  29  93  26  85  76  65  59  56  60  75  59  05  81  14  35  42  97  51  65  68  51  12  61  39  03  85  14  47  42  44  13  70  34  93  42  97  24  27  54  23  62  11  76  11  70  40  56  04  07  96  38  56  43  88  34  14  51  37  59  79  65  77  08
23  05  57  11  88  49  53  52  06  51  07  08  45  34  97  85  54  74  42  41  23  37  70  04  88  94  78  50  17  92  72  90  31  36  65  57  43  79  97  90  43  51  35  53  80  57  42  40  92  63  25  34  03  14  96  23  02  38  43  95  71  60  32  66  20  09  80  63  88  58  03  05  42  27  04  90  47  47  17  24  34  62  12  12  18  76  66  68  78  47  67  07  99  13  66  93  57  81  06  35  66  27  01  82  01  10  64  80  19  87  11  72  83  22  75  61  28  42  61  06  95  18  45  63  55  63  57
45  73  04  25  74  18  49  87  03  59  10  35  95  79  30  89  59  11  16  84  39  64  28  66  60  89  15  59  34  55  62  90  38  27  35  47  13  58  45  04  71  03  83  06  74  09  24  02  34  58  39  57  88  25  18  89  75  45  36  71  39  57  87  24  70  45  12  85  53  42  17  20  94  38  53  88  14  03  71  56  81  39  86  95  21  64  44  72  93  70  27  23  57  72  30  53  10  19  21  15  60  68  67  96  94  87  27  33  09  62  49  72  44  09  01  11  07  55  52  40  96  19  42  28  80  83  66  90
49  59  48  67  42  36  09  28  10  34  04  41  47  39  04  05  49  45  28  32  08  35  86  62  54  04  90  94  71  59  88  89  35  69  12  58  98  50  10  41  72  09  16  27  94  98  88  52  14  41  84  32  25  24  07  13  08  74  19  03  11  40  19  77  69  50  65  83  77  06  76  74  31  62  31  68  69  28  01  49  22  59  24  41  97  62  59  17  08  54  25  07  72  81  89  59  78  03  11  38  90  84  20  44  13  63  09  19  71  13  69  10  10  95  97  80  86  59  95  34  30  42  72  28  59  95  96  14  78
68  13  37  42  49  14  59  04  56  52  52  56  08  93  37  69  80  67  11  34  50  09  01  66  45  43  03  60  29  50  40  76  03  19  77  27  45  74  38  65  45  63  09  21  68  20  02  26  80  65  45  16  38  67  75  32  57  59  95  09  51  51  23  88  25  90  19  98  19  13  07  40  10  21  98  28  28  03  74  28  01  52  54  74  96  53  80  73  50  59  81  34  16  74  95  76  80  05  87  70  83  37  16  94  66  23  44  08  94  81  30  03  33  96  79  41  62  58  05  87  30  35  27  83  41  30  33  88  80  16
38  66  90  67  73  96  35  32  14  40  53  40  34  12  52  95  02  78  43  98  77  01  74  18  22  60  89  67  34  53  61  96  62  23  78  65  33  72  05  41  80  90  80  39  17  80  98  63  44  92  10  01  45  41  41  91  38  56  46  53  41  52  58  63  11  44  01  99  51  58  05  37  05  29  92  46  29  36  96  28  39  87  93  94  17  87  91  44  30  91  28  92  28  21  76  12  14  62  04  54  99  04  30  94  64  55  89  48  45  60  50  62  60  70  27  20  14  05  88  77  98  84  83  25  23  42  63  76  19  38  64
24  35  25  27  14  40  73  33  87  31  42  91  52  04  25  49  48  25  70  30  98  01  23  23  15  19  30  06  22  55  19  80  33  92  70  09  23  62  70  08  13  59  85  21  62  11  29  36  22  56  11  64  01  44  64  14  72  23  33  27  81  41  02  83  51  86  36  95  11  77  29  90  82  06  16  77  97  73  36  41  55  31  34  60  58  40  93  47  60  11  61  93  51  36  37  29  19  75  04  49  07  80  94  12  30  58  42  98  80  86  67  25  23  49  69  72  39  52  41  95  47  42  87  96  66  77  59  43  81  17  48  30
39  07  07  68  12  20  88  45  18  16  12  42  35  65  89  22  83  92  71  11  60  10  76  69  08  91  57  06  84  51  02  49  36  41  59  47  76  79  58  28  50  78  98  44  97  50  49  76  39  70  92  14  12  84  51  90  75  46  49  54  74  12  13  20  42  17  85  78  08  71  08  98  19  96  57  15  67  20  91  39  22  14  41  55  80  15  13  80  65  95  19  57  87  88  45  88  01  80  11  22  97  23  36  98  67  17  20  20  34  28  72  35  38  62  54  86  87  93  06  61  80  54  52  66  25  70  39  79  34  41  83  44  11
14  07  35  78  44  48  13  54  69  52  52  16  08  15  86  16  94  80  45  36  51  98  24  58  08  59  45  53  42  52  38  60  17  84  32  58  29  82  20  41  94  47  08  20  99  16  04  43  76  63  71  12  12  14  01  63  40  01  84  56  16  91  08  17  42  69  55  92  04  67  39  25  67  85  44  78  20  19  91  92  33  12  95  93  56  91  61  21  10  16  87  24  59  57  39  48  20  21  13  95  27  96  44  16  72  95  55  29  56  25  79  63  46  62  02  20  70  50  97  75  52  47  49  08  40  32  45  62  08  66  63  33  97  81
21  05  93  68  65  23  17  54  67  12  60  09  57  34  75  99  18  33  58  09  11  62  78  35  60  19  05  93  31  24  73  59  80  25  57  45  64  31  71  22  17  13  34  09  55  99  57  28  43  09  77  56  44  01  30  76  38  54  23  01  71  71  31  49  48  74  97  45  80  33  68  21  70  41  37  24  44  16  65  45  85  55  40  70  62  89  13  53  70  17  46  22  01  95  25  65  39  72  76  96  69  47  34  21  07  13  41  03  27  65  95  92  86  63  42  99  76  38  28  47  17  93  50  84  45  27  01  30  92  15  90  79  76  47  23
52  53  07  73  85  36  03  91  49  40  15  36  39  54  26  23  62  73  87  05  99  02  78  07  51  92  76  59  03  48  50  39  85  03  19  34  60  25  35  52  13  10  46  17  98  64  12  07  09  14  45  35  22  84  82  21  98  51  38  65  65  10  93  53  91  35  76  20  91  73  22  57  58  33  09  67  72  49  93  55  69  15  75  90  03  22  22  64  98  12  05  89  36  86  30  86  64  75  84  40  17  04  46  08  63  64  57  67  63  06  09  24  52  98  80  46  70  20  96  91  88  60  08  07  91  01  85  04  91  86  48  44  64  05  73  09
53  34  52  42  85  03  88  19  16  25  65  89  12  98  62  44  75  03  60  30  67  71  39  71  64  25  30  78  31  40  03  79  02  02  74  20  72  42  09  88  33  53  61  69  66  94  79  58  91  66  71  37  75  39  44  87  07  08  62  57  05  34  69  52  06  94  44  92  53  07  64  30  14  16  42  79  30  56  83  71  96  76  84  52  89  78  26  38  30  22  89  13  33  94  33  77  32  95  06  05  97  05  48  58  29  29  77  01  81  32  21  78  72  59  25  48  23  02  61  28  09  11  47  15  43  66  55  74  58  65  95  19  54  86  34  93  67
27  74  04  95  37  05  46  72  74  52  57  48  01  36  44  01  11  88  68  18  26  21  12  83  72  77  09  19  55  72  03  06  64  42  84  32  44  76  22  01  55  74  08  82  19  21  07  34  87  10  84  57  33  80  34  93  51  16  02  33  10  94  12  19  48  06  45  05  12  85  49  42  14  61  87  48  82  82  51  57  74  35  42  60  93  03  43  21  05  59  09  27  83  76  70  64  57  68  94  46  52  08  27  48  45  51  95  91  64  77  90  92  45  55  96  58  33  20  83  03  29  28  68  54  43  55  60  51  94  64  55  15  42  04  06  77  59  35
21  83  25  59  71  42  60  37  98  60  64  38  34  95  77  80  91  34  11  29  14  50  80  51  71  16  75  40  22  76  54  60  88  08  69  52  31  83  34  97  09  36  35  21  84  17  88  90  35  68  09  57  30  83  45  19  55  92  26  74  45  09  57  83  76  84  32  41  42  57  48  91  05  49  24  03  94  76  02  49  17  90  54  85  34  04  99  99  91  90  21  57  48  95  14  80  82  49  89  96  66  19  26  70  31  37  57  09  09  29  20  30  68  02  49  36  03  02  90  50  59  93  89  48  32  65  92  27  27  32  37  26  76  26  76  41  92  69  76
72  58  17  45  15  16  88  34  58  16  26  99  11  91  73  35  73  46  02  54  62  44  68  63  90  70  26  68  31  39  40  93  91  88  94  82  28  39  76  26  46  54  26  41  12  80  38  55  43  54  55  74  24  16  07  44  26  07  35  26  53  01  34  98  43  05  43  14  77  10  28  39  66  27  61  87  83  51  44  20  62  63  82  67  78  25  22  21  23  08  30  53  98  51  07  47  70  43  16  63  19  47  62  31  16  44  27  24  25  44  49  44  03  11  64  22  01  25  46  46  43  42  55  41  63  88  16  06  17  30  99  44  22  58  69  77  20  27  29  47
72  39  27  29  49  80  38  97  41  50  57  39  60  83  11  29  78  13  67  67  48  79  82  95  70  84  25  63  53  24  20  31  66  84  63  75  04  49  60  31  95  39  05  33  72  36  14  77  63  76  63  77  47  33  13  41  63  63  36  78  89  67  54  04  41  75  66  74  66  09  26  82  12  43  28  48  67  10  60  55  87  69  92  01  91  51  28  26  19  83  54  09  58  32  53  07  93  48  51  58  25  76  57  48  85  45  71  33  26  82  92  80  92  83  93  34  83  82  01  44  17  13  89  15  20  73  48  48  85  91  21  48  26  25  68  44  72  25  95  03  12
26  97  53  65  26  69  31  83  28  40  77  96  13  44  67  45  92  61  35  90  12  55  71  65  80  30  83  51  17  78  75  72  02  38  75  49  02  06  12  72  50  31  56  79  14  94  74  08  72  19  46  42  53  25  96  24  98  69  72  87  32  29  86  45  57  34  31  55  48  60  87  78  69  39  50  52  62  62  09  52  20  90  62  57  85  76  93  83  64  59  37  61  69  29  28  36  17  73  94  40  55  77  51  62  02  90  06  17  40  07  88  86  99  22  16  59  68  50  69  14  12  16  89  80  91  06  15  37  49  34  08  74  26  94  17  22  73  47  64  84  61  30
20  32  35  65  10  08  07  67  20  37  23  05  55  90  89  73  60  04  47  13  22  72  50  94  39  82  56  58  70  65  51  67  16  89  35  58  78  74  69  72  88  74  12  42  89  06  80  09  07  89  11  21  38  31  13  57  36  68  94  95  14  63  85  31  56  16  36  67  23  53  28  19  33  54  87  46  42  66  50  21  52  11  41  06  15  36  65  56  51  54  70  19  29  52  31  80  61  63  10  16  12  75  48  47  30  63  73  26  87  98  80  71  52  82  53  98  20  61  34  18  18  79  13  55  28  89  27  29  71  72  51  12  73  12  73  10  52  97  40  09  03  76  58
79  52  96  32  91  86  77  01  77  12  99  59  68  38  76  11  31  35  86  40  31  38  29  15  82  26  51  63  09  68  52  48  32  65  24  87  52  82  27  61  85  54  93  09  96  37  91  91  04  37  64  70  95  85  30  84  34  45  34  87  75  11  86  30  40  33  26  37  11  97  36  25  37  09  23  75  02  06  67  79  05  27  48  22  42  41  54  99  90  61  49  90  27  90  82  30  10  58  03  87  36  15  64  63  18  70  48  81  89  77  08  11  74  91  01  20  35  95  13  84  58  89  10  94  82  15  91  12  12  57  67  62  62  98  26  98  15  41  22  84  93  14  11  26
82  45  18  60  29  79  64  50  77  24  72  84  38  89  76  72  01  21  19  01  94  19  96  12  92  15  78  55  34  60  98  80  52  07  73  07  74  41  64  70  19  53  07  88  99  39  13  05  50  63  89  05  67  39  12  35  62  35  49  09  35  13  36  80  09  11  61  82  40  69  04  12  14  25  21  59  36  23  51  31  45  48  74  78  01  79  52  81  99  65  91  50  89  86  61  94  92  23  60  62  74  58  92  45  87  66  55  01  48  82  38  14  82  78  88  73  30  48  07  14  71  18  54  36  10  50  22  36  98  80  09  02  90  58  61  11  66  10  82  10  63  07  31  32  76
20  48  66  88  16  40  28  12  65  84  39  21  05  07  44  69  86  56  69  41  33  26  06  01  41  33  97  58  89  51  24  84  62  19  87  87  47  02  52  79  47  92  28  89  14  19  91  76  83  67  93  81  06  14  02  28  22  14  45  92  89  24  71  26  99  03  47  09  43  02  03  45  99  90  76  76  48  22  84  22  56  95  20  85  70  68  21  07  28  45  18  31  08  19  36  18  09  17  45  72  90  87  29  05  66  12  08  92  57  94  06  41  79  09  68  66  89  11  98  34  85  31  58  53  69  39  49  65  16  02  26  17  60  20  34  92  51  81  01  17  66  93  80  59  79  74
16  15  57  11  27  40  91  20  99  96  08  35  37  28  36  78  77  91  16  49  28  20  01  54  37  20  12  05  53  81  91  18  32  36  24  79  08  66  22  78  59  57  15  58  76  65  20  25  75  29  46  98  75  43  43  88  72  69  10  37  05  47  22  99  10  18  36  86  69  86  50  24  53  86  42  90  35  80  25  44  36  55  34  49  26  74  80  29  02  89  54  82  99  93  79  61  37  72  28  02  19  74  59  76  73  90  17  50  98  74  36  18  34  65  14  78  15  75  32  06  35  27  39  69  86  51  02  91  81  86  21  41  82  01  46  31  56  70  34  17  98  41  86  06  07  61  18
66  19  08  64  63  11  77  12  61  64  05  88  32  14  43  66  10  60  26  45  96  43  92  46  26  60  76  64  58  24  50  42  95  20  34  37  62  14  49  79  77  88  89  53  39  78  93  45  43  26  81  92  37  28  32  59  51  92  70  95  55  54  10  66  81  34  78  67  32  87  47  18  12  91  73  50  77  63  47  66  85  37  20  54  62  16  90  14  27  02  75  18  12  39  74  84  73  04  90  48  08  22  21  30  47  48  03  95  65  48  62  42  50  69  76  81  01  85  62  33  32  56  54  57  15  51  77  33  03  71  52  95  67  84  78  98  41  56  98  10  44  06  06  56  22  83  67  30
74  65  52  15  81  62  26  78  57  43  42  08  07  70  37  92  06  07  61  34  95  85  60  43  79  45  98  72  37  65  93  22  20  83  58  79  88  98  68  79  87  27  92  12  17  61  56  36  92  50  97  38  58  17  14  61  90  68  48  69  55  86  23  31  49  67  06  42  42  60  81  27  23  01  07  28  59  41  36  67  41  69  09  35  26  89  95  71  20  94  49  70  21  54  16  60  60  91  30  11  33  05  05  10  58  94  06  10  76  63  89  31  08  03  20  84  95  83  17  81  53  47  37  81  17  07  03  87  69  88  89  47  50  95  54  48  65  78  46  84  24  22  84  94  22  54  15  91  52
21  67  55  07  83  57  49  86  54  39  08  82  45  16  62  53  93  80  91  27  95  77  76  53  55  06  74  73  23  83  42  01  91  01  23  17  21  88  90  48  22  63  15  75  31  71  12  59  30  26  94  02  15  40  28  13  76  88  78  70  70  80  65  64  11  53  28  40  12  91  34  43  61  50  75  91  67  63  49  45  71  85  91  63  89  62  54  66  81  89  24  89  78  68  81  33  72  31  65  40  71  11  33  28  79  65  61  91  58  76  36  51  09  68  99  98  13  18  82  76  14  38  18  70  24  64  09  89  23  34  91  62  99  52  28  49  81  38  79  10  60  50  90  63  89  31  26  89  21  27
